000
001
002
003
004
005
006
007
008
009
010
011
012
013
014
016
017
018
019
020
021
022
023
025
026
028
029
030
031
033
034
035
036
037
038
039
040
041
042
043
044
045
046
047
049
050
051
052
053
054
055
056
057
058
059
060
061
062
063
064
065
066
067
068
069
070
071
072
073
074
075
076
077
078
079
080
081
082
083
084
085
088
089
090
091
092
093
094
096
097
098
099
000
001
003
004
005
006
007
008
010
012
013
014
015
016
017
018
019
020
021
024
025
027
028
029
030
031
032
033
034
035
036
038
040
041
042
044
045
047
048
050
051
052
053
056
000
001
002
003
004
005
006
007
008
009
011
012
013
014
015
016
017
018
019
020
021
022
024
025
026
027
028
031
032
033
034
035
036
037
038
039
041
042
043
046
047
048
049
051
053
054
055
056
057
058
059
061
062
063
000
001
002
003
004
005
006
007
008
009
010
011
012
013
015
016
017
018
019
020
021
022
023
024
025
026
027
028
030
031
032
033
034
035
036
037
038
039
040
041
000
001
002
003
005
006
007
008
009
010
011
012
013
015
016
017
018
019
020
022
023
024
025
026
027
028
029
030
031
032
033
034
035
036
037
040
041
042
045
046
047
048
049
050
051
052
053
055
058
061
062
064
065
066
068
000
001
002
005
006
007
008
009
011
012
014
015
017
018
020
022
024
025
026
027
028
029
030
031
032
033
034
035
036
037
000
001
002
003
004
006
007
008
009
010
011
012
013
014
015
016
017
018
019
020
021
024
025
026
027
028
030
031
033
034
035
036
037
038
040
042
043
044
045
048
049
050
051
053
054
057
060
061
062
063
064
065
066
067
068
071
072
073
074
075
076
077
078
079
081
082
084
086
087
088
089
000
001
002
003
004
005
006
007
008
009
010
011
012
013
014
015
016
017
018
019
020
021
022
023
024
025
026
027
028
029
030
031
032
033
034
035
036
037
038
039
001
002
004
005
006
007
008
009
010
011
012
013
014
015
016
017
019
020
021
022
023
024
025
026
027
029
030
031
032
033
034
035
036
037
038
039
040
041
042
043
044
045
046
047
048
049
050
051
052
000
001
002
003
004
005
006
007
008
010
011
012
013
014
015
016
017
018
019
020
021
023
024
025
026
027
028
029
030
032
033
034
035
036
037
039
040
041
000
001
002
003
004
005
007
008
009
010
011
012
013
014
015
016
017
018
019
020
021
023
024
025
026
027
000
001
002
004
005
006
007
008
009
011
012
013
014
015
016
017
018
020
021
022
023
024
025
026
029
030
031
032
033
034
035
036
038
040
041
000
001
002
003
004
005
006
008
010
012
013
015
016
017
018
019
021
022
023
024
025
026
028
029
031
032
033
034
035
036
037
038
039
000
001
002
003
004
005
006
007
008
009
010
011
012
013
014
015
016
017
018
019
020
021
022
023
024
026
027
028
030
031
032
033
034
035
036
037
038
039
040
041
042
043
044
045
046
047
048
049
050
051
052
053
054
055
057
058
059
061
062
063
064
065
066
067
068
069
070
071
072
073
074
075
076
077
078
079
080
081
082
083
084
085
086
088
089
090
091
092
093
094
095
096
097
098
100
101
102
103
105
106
107
109
110
000
001
002
003
004
005
006
007
010
011
012
013
015
017
018
020
021
022
023
024
025
026
027
028
030
031
032
034
035
036
037
038
039
040
000
001
002
003
004
005
006
007
008
009
010
011
012
014
015
016
017
018
019
020
021
022
023
024
025
026
027
028
029
031
032
033
034
035
037
038
039
040
041
042
043
044
045
046
047
048
050
051
052
053
054
055
056
058
060
061
063
064
065
066
067
068
069
070
071
072
073
074
075
076
077
002
003
004
005
006
007
008
010
011
012
013
014
015
016
017
018
019
020
021
022
023
024
025
026
027
028
029
030
031
032
033
035
036
037
039
040
041
043
044
045
046
047
048
049
050
000
003
006
007
008
009
010
011
012
013
014
015
016
017
018
019
020
021
023
024
025
026
028
029
030
031
032
033
034
035
036
037
038
040
041
042
044
045
046
047
048
049
050
051
052
053
054
055
056
057
058
059
060
061
062
063
064
000
001
002
003
004
005
006
007
008
009
010
011
012
013
014
015
016
017
018
019
020
022
023
025
026
027
028
029
030
031
032
034
035
036
037
038
039
040
041
042
043
044
045
046
047
048
050
051
052
053
054
055
056
057
058
059
060
061
062
063
064
065
066
067
068
069
070
071
072
073
074
075
077
000
001
002
003
004
005
006
007
008
009
010
011
012
013
014
015
016
017
018
019
020
021
022
024
025
027
028
029
030
031
032
001
002
003
004
005
006
007
008
009
010
011
012
013
014
015
016
017
018
019
020
021
022
023
024
025
026
027
029
030
031
032
033
035
036
037
038
039
040
041
042
043
044
045
046
047
048
049
050
051
052
053
055
056
058
059
060
061
062
063
064
065
066
069
070
071
074
075
000
001
003
004
005
008
009
010
011
012
013
014
015
016
017
018
019
020
021
022
023
024
025
026
027
031
032
033
034
035
037
038
039
040
041
042
043
046
047
048
049
051
052
053
055
056
057
058
059
060
061
063
064
065
066
067
068
069
070
071
073
074
075
076
078
079
080
081
082
083
084
085
086
087
088
091
092
093
094
096
097
098
100
101
102
103
000
001
002
003
004
005
007
008
009
010
011
012
013
016
018
019
020
021
022
023
024
025
026
027
028
029
030
031
033
037
038
040
041
042
044
045
046
047
048
049
050
000
002
003
004
005
006
007
008
009
010
011
012
013
014
015
016
017
018
019
020
021
022
023
024
025
026
027
028
029
030
031
032
033
035
036
037
038
039
040
041
042
043
044
045
046
047
048
049
050
051
052
053
054
055
056
057
058
059
060
061
062
063
064
065
066
067
068
000
001
002
003
004
005
006
007
009
011
012
013
014
015
016
017
018
019
020
022
023
024
025
026
027
028
029
030
031
032
033
034
035
037
038
039
040
041
042
043
044
045
046
048
049
050
051
053
054
055
056
057
058
059
060
061
062
063
064
065
067
068
069
